 0 1                    0  0.000001
 1 1                    1  0.000000
 2 1                    1  0.000000
 3 1                    2  0.000000
 4 1                    3  0.000000
 5 1                    5  0.000000
 6 1                    8  0.000000
 7 1                   13  0.000000
 8 1                   21  0.000000
 9 1                   34  0.000000
10 1                   55  0.000001
11 1                   89  0.000001
12 1                  144  0.000001
13 1                  233  0.000001
14 1                  377  0.000002
15 1                  610  0.000003
16 1                  987  0.000005
17 1                 1597  0.000008
18 1                 2584  0.000012
19 1                 4181  0.000022
20 1                 6765  0.000031
21 1                10946  0.000079
22 1                17711  0.000094
23 1                28657  0.000150
24 1                46368  0.000236
25 1                75025  0.000372
26 1               121393  0.000581
27 1               196418  0.000948
28 1               317811  0.001564
29 1               514229  0.002788
30 1               832040  0.004185
31 1              1346269  0.008178
32 1              2178309  0.012519
33 1              3524578  0.019164
34 1              5702887  0.024758
35 1              9227465  0.040890
36 1             14930352  0.063323
37 1             24157817  0.128131
38 1             39088169  0.173648
39 1             63245986  0.271039
40 1            102334155  0.442297
41 1            165580141  0.711846
42 1            267914296  1.139260
43 1            433494437  1.869141
44 1            701408733  2.992521
45 1           1134903170  4.854414
46 1           1836311903  7.881184
47 1           2971215073 12.427597
